8
21.48
21.48
21.48
21
21.48
21.48
21
21
21
21.48
21.48
21
21.48
21
21
21
21
21
21.48
21.48
21
21
21
21
21.48
21.48
21
21.48
21.48
21
21
21.48
21.48
21.48
21
21.48
21
21
21
21.48
21
21.48
21
21.48
21
21.48
21
21
21
21
21
21
21
21
21.48
21.48
21
21
21
21.48
21.48
21.48
21.48
21.48
21
21.48
21
21.48
21.48
21.48
21
21
21.48
21
21
21
21.48
21
21
21
21
21.48
21.48
21
21.48
21.48
21
21.48
21
21.48
21
21.48
21
21.48
21
21.48
21.48
21
21
21
21.48
21.48
21
21.48
21
21
21
21.48
21.48
21
21
21.48
21.48
21
21.48
21
21
21.48
21
21
21.48
21
21
21.48
21.48
21
21.48
21.48
21
21
21.48
21.48
21
21
21.48
21
21.48
21
21
21.48
21
21
21.48
21
21
21.48
21
21.48
21.48
21.48
21
21
21.48
21
21.48
21
21.48
21.48
21
21
21
21
21
21
21.48
21
21
21.48
21
21.48
21.48
21
21.48
21
21.48
21.48
21.48
21
21.48
21
21
21.48
21.48
21.48
21
21
21
21
21
21.48
21.48
21.48
21.48
21.48
21.48
21
21
21.48
21
21.48
21
21.48
21
21
21.48
21.48
21
21.48
21.48
21.48
21.48
21.48
21.48
21
21.48
21
21.48
21.48
21.48
21.97
21
21.48
21
21.48
21
21
21.48
